100
0 14 1.70 20000.00 500.00 9
0 11 1.80 20000.00 500.00 9
0 10 1.50 20000.00 500.00 9
0 8 0.30 30000.00 900.00 10
0 4 0.30 50000.00 600.00 10
0 2 0.20 80000.00 800.00 10
0 1 0.10 100000.00 1000.00 10
1 24 2.80 5000.00 500.00 10
1 13 2.00 20000.00 500.00 9
1 12 1.60 20000.00 500.00 9
1 9 0.30 30000.00 900.00 10
1 5 0.30 50000.00 600.00 10
1 3 0.20 80000.00 800.00 10
1 0 0.10 100000.00 1000.00 10
2 22 3.50 20000.00 700.00 8
2 17 2.60 10000.00 300.00 8
2 15 2.50 10000.00 300.00 8
2 6 0.40 40000.00 400.00 9
2 3 0.10 100000.00 700.00 10
2 0 0.20 80000.00 800.00 10
3 23 3.50 20000.00 700.00 8
3 19 3.00 5000.00 400.00 8
3 18 3.00 5000.00 400.00 8
3 16 2.50 10000.00 300.00 8
3 7 0.40 40000.00 400.00 9
3 2 0.10 100000.00 700.00 10
3 1 0.20 80000.00 800.00 10
4 5 0.20 50000.00 500.00 10
4 0 0.30 50000.00 600.00 10
5 4 0.20 50000.00 500.00 10
5 1 0.30 50000.00 600.00 10
6 20 2.00 15000.00 600.00 9
6 7 0.30 40000.00 300.00 9
6 2 0.40 40000.00 400.00 9
7 21 2.00 15000.00 600.00 9
7 6 0.30 40000.00 300.00 9
7 3 0.40 40000.00 400.00 9
8 9 0.20 30000.00 800.00 10
8 0 0.30 30000.00 900.00 10
9 8 0.20 30000.00 800.00 10
9 1 0.30 30000.00 900.00 10
10 11 3.00 10000.00 300.00 8
10 36 9.00 3000.00 180.00 7
10 26 5.20 5000.00 200.00 8
10 25 5.00 5000.00 200.00 8
10 0 1.50 20000.00 500.00 9
11 12 3.50 10000.00 300.00 8
11 10 3.00 10000.00 300.00 8
11 37 9.20 3000.00 180.00 7
11 28 5.30 5000.00 200.00 8
11 27 5.50 5000.00 200.00 8
11 0 1.80 20000.00 500.00 9
12 13 4.00 10000.00 300.00 8
12 11 3.50 10000.00 300.00 8
12 39 6.70 3000.00 170.00 7
12 38 6.50 3000.00 170.00 7
12 30 5.80 5000.00 200.00 8
12 29 6.00 5000.00 200.00 8
12 1 1.60 20000.00 500.00 9
13 14 4.50 10000.00 300.00 8
13 12 4.00 10000.00 300.00 8
13 41 10.50 1000.00 120.00 6
13 40 10.00 1000.00 120.00 6
13 32 7.20 2000.00 150.00 7
13 31 7.00 2000.00 150.00 7
13 1 2.00 20000.00 500.00 9
14 13 4.50 10000.00 300.00 8
14 43 12.50 2000.00 200.00 7
14 42 12.00 2000.00 200.00 7
14 35 8.30 5000.00 250.00 8
14 34 8.50 5000.00 250.00 8
14 33 8.00 5000.00 250.00 8
14 0 1.70 20000.00 500.00 9
15 16 2.00 10000.00 200.00 8
15 2 2.50 10000.00 300.00 8
16 17 2.00 10000.00 200.00 8
16 15 2.00 10000.00 200.00 8
16 3 2.50 10000.00 300.00 8
17 16 2.00 10000.00 200.00 8
17 2 2.60 10000.00 300.00 8
18 19 2.50 5000.00 250.00 8
18 3 3.00 5000.00 400.00 8
19 18 2.50 5000.00 250.00 8
19 3 3.00 5000.00 400.00 8
20 21 1.50 15000.00 400.00 9
20 6 2.00 15000.00 600.00 9
21 20 1.50 15000.00 400.00 9
21 7 2.00 15000.00 600.00 9
22 23 2.00 20000.00 500.00 8
22 2 3.50 20000.00 700.00 8
23 22 2.00 20000.00 500.00 8
23 3 3.50 20000.00 700.00 8
24 44 8.00 5000.00 300.00 9
24 1 2.80 5000.00 500.00 10
25 26 8.00 2000.00 100.00 7
25 59 14.00 50.00 12.00 7
25 48 18.00 500.00 20.00 7
25 47 16.00 50.00 8.00 6
25 46 15.50 100.00 10.00 6
25 45 15.00 100.00 10.00 6
25 10 5.00 5000.00 200.00 8
26 25 8.00 2000.00 100.00 7
26 62 18.00 200.00 15.00 6
26 50 16.00 100.00 10.00 6
26 49 15.00 100.00 10.00 6
26 10 5.20 5000.00 200.00 8
27 28 8.50 2000.00 100.00 7
27 60 14.50 50.00 12.00 7
27 53 19.00 500.00 20.00 7
27 52 17.50 50.00 8.00 6
27 51 17.00 50.00 8.00 6
27 11 5.50 5000.00 200.00 8
28 27 8.50 2000.00 100.00 7
28 63 19.00 200.00 15.00 6
28 54 18.00 100.00 12.00 6
28 11 5.30 5000.00 200.00 8
29 30 9.00 2000.00 100.00 7
29 64 17.00 500.00 25.00 7
29 61 15.00 100.00 12.00 6
29 56 16.50 50.00 8.00 6
29 55 16.00 100.00 10.00 6
29 12 6.00 5000.00 200.00 8
30 29 9.00 2000.00 100.00 7
30 58 17.00 50.00 8.00 6
30 57 20.00 500.00 20.00 7
30 12 5.80 5000.00 200.00 8
31 32 10.00 1000.00 80.00 6
31 86 25.00 100.00 30.00 5
31 13 7.00 2000.00 150.00 7
32 31 10.00 1000.00 80.00 6
32 87 25.50 100.00 30.00 5
32 13 7.20 2000.00 150.00 7
33 34 12.00 2000.00 120.00 7
33 83 19.00 500.00 40.00 7
33 68 22.00 200.00 25.00 6
33 67 21.00 200.00 25.00 6
33 66 20.50 500.00 30.00 7
33 65 20.00 500.00 30.00 7
33 14 8.00 5000.00 250.00 8
34 35 12.50 2000.00 120.00 7
34 33 12.00 2000.00 120.00 7
34 84 20.00 200.00 35.00 7
34 70 21.00 500.00 30.00 7
34 69 20.00 100.00 20.00 6
34 14 8.50 5000.00 250.00 8
35 34 12.50 2000.00 120.00 7
35 73 24.00 200.00 30.00 7
35 72 26.00 500.00 35.00 7
35 71 25.00 1000.00 40.00 7
35 14 8.30 5000.00 250.00 8
36 37 13.00 1500.00 100.00 6
36 81 25.00 500.00 35.00 7
36 76 24.00 200.00 28.00 6
36 75 23.00 500.00 30.00 7
36 74 22.00 200.00 25.00 6
36 10 9.00 3000.00 180.00 7
37 36 13.00 1500.00 100.00 6
37 82 26.00 200.00 28.00 6
37 80 23.00 200.00 22.00 6
37 79 22.00 50.00 15.00 6
37 78 21.50 100.00 20.00 6
37 77 21.00 100.00 20.00 6
37 11 9.20 3000.00 180.00 7
38 39 9.50 1500.00 90.00 6
38 91 23.00 200.00 40.00 6
38 90 22.00 200.00 40.00 6
38 12 6.50 3000.00 170.00 7
39 38 9.50 1500.00 90.00 6
39 99 24.00 100.00 40.00 5
39 12 6.70 3000.00 170.00 7
40 41 11.00 800.00 70.00 5
40 97 32.00 200.00 50.00 5
40 88 28.00 100.00 35.00 5
40 85 30.00 200.00 50.00 5
40 13 10.00 1000.00 120.00 6
41 40 11.00 800.00 70.00 5
41 98 31.00 100.00 45.00 5
41 89 28.50 100.00 35.00 5
41 13 10.50 1000.00 120.00 6
42 43 14.00 1000.00 90.00 6
42 93 34.00 200.00 55.00 6
42 92 35.00 500.00 60.00 6
42 14 12.00 2000.00 200.00 7
43 42 14.00 1000.00 90.00 6
43 14 12.50 2000.00 200.00 7
44 96 14.00 2000.00 120.00 10
44 95 16.00 500.00 80.00 9
44 94 15.00 1000.00 100.00 9
44 24 8.00 5000.00 300.00 9
45 25 15.00 100.00 10.00 6
46 25 15.50 100.00 10.00 6
47 25 16.00 50.00 8.00 6
48 25 18.00 500.00 20.00 7
49 26 15.00 100.00 10.00 6
50 26 16.00 100.00 10.00 6
51 27 17.00 50.00 8.00 6
52 27 17.50 50.00 8.00 6
53 27 19.00 500.00 20.00 7
54 28 18.00 100.00 12.00 6
55 29 16.00 100.00 10.00 6
56 29 16.50 50.00 8.00 6
57 30 20.00 500.00 20.00 7
58 30 17.00 50.00 8.00 6
59 25 14.00 50.00 12.00 7
60 27 14.50 50.00 12.00 7
61 29 15.00 100.00 12.00 6
62 26 18.00 200.00 15.00 6
63 28 19.00 200.00 15.00 6
64 29 17.00 500.00 25.00 7
65 33 20.00 500.00 30.00 7
66 33 20.50 500.00 30.00 7
67 33 21.00 200.00 25.00 6
68 33 22.00 200.00 25.00 6
69 34 20.00 100.00 20.00 6
70 34 21.00 500.00 30.00 7
71 35 25.00 1000.00 40.00 7
72 35 26.00 500.00 35.00 7
73 35 24.00 200.00 30.00 7
74 36 22.00 200.00 25.00 6
75 36 23.00 500.00 30.00 7
76 36 24.00 200.00 28.00 6
77 37 21.00 100.00 20.00 6
78 37 21.50 100.00 20.00 6
79 37 22.00 50.00 15.00 6
80 37 23.00 200.00 22.00 6
81 36 25.00 500.00 35.00 7
82 37 26.00 200.00 28.00 6
83 33 19.00 500.00 40.00 7
84 34 20.00 200.00 35.00 7
85 40 30.00 200.00 50.00 5
86 31 25.00 100.00 30.00 5
87 32 25.50 100.00 30.00 5
88 40 28.00 100.00 35.00 5
89 41 28.50 100.00 35.00 5
90 38 22.00 200.00 40.00 6
91 38 23.00 200.00 40.00 6
92 42 35.00 500.00 60.00 6
93 42 34.00 200.00 55.00 6
94 44 15.00 1000.00 100.00 9
95 44 16.00 500.00 80.00 9
96 44 14.00 2000.00 120.00 10
97 40 32.00 200.00 50.00 5
98 41 31.00 100.00 45.00 5
99 39 24.00 100.00 40.00 5
